 1 1 37 52 7 
 1 2 49 49 30 
 1 3 52 64 16 
 1 4 20 26 9 
 1 5 40 30 21 
 1 6 21 47 15 
 1 7 17 63 19 
 1 8 31 62 23 
 1 9 52 33 11 
 1 10 51 21 5 
 1 11 42 41 19 
 1 12 31 32 29 
 1 13  5 25 23 
 1 14 12 42 21 
 1 15 36 16 10 
 1 16 52 41 15 
 1 17 27 23 3 
 1 18 17 33 41 
 1 19 13 13 9 
 1 20 57 58 28 
 1 21 62 42 8 
 1 22 42 57 8 
 1 23 16 57 16 
 1 24  8 52 10 
 1 25  7 38 28 
 1 26 27 68 7 
 1 27 30 48 15 
 1 28 43 67 14 
 1 29 58 48 6 
 1 30 58 27 19 
 1 31 37 69 11 
 1 32 38 46 12 
 1 33 46 10 23 
 1 34 61 33 26 
 1 35 62 63 17 
 1 36 63 69 6 
 1 37 32 22 9 
 1 38 45 35 15 
 1 39 59 15 14 
 1 40  5  6 7 
 1 41 10 17 27 
 1 42 21 10 13 
 1 43  5 64 11 
 1 44 30 15 16 
 1 45 39 10 10 
 1 46 32 39 5 
 1 47 25 32 25 
 1 48 25 55 17 
 1 49 48 28 18 
 1 50 56 37 10 
 2 51 20 20 0 70 80 4 10 8 5
 2 52 30 40 0 70 80 4 10 8 5
 2 53 50 30 0 70 80 4 10 8 5
 2 54 60 50 0 70 80 4 10 8 5
